PLATFORM=PC

[Keyboard|Keyboard]
DEADZONES=0.0,0.0,0.0
28|0|2,31|3|2,1|1|2,16|10|2,18|13|2,44|11|2,46|14|2,203|16|2,205|17|2,200|18|2,208|19|2,75|16|2,77|17|2,72|18|2,80|19|2,57|8|2,59|9|2,15|15|2,62|12|2,45|2|2
203|20|2,205|21|2,200|22|2,208|23|2,17|0|2,32|1|2,31|2|2,30|3|2,16|10|2,18|13|2,44|11|2,46|14|2,42|15|2,1|8|2,75|16|2,77|17|2,72|18|2,80|19|2,199|12|2,207|15|2,76|9|1
203|20|2,205|21|2,200|22|2,208|23|2,17|0|2,32|1|2,31|2|2,30|3|2,16|10|2,18|13|2,44|11|2,46|14|2,42|15|2,1|8|2,75|16|2,77|17|2,72|18|2,80|19|2,199|12|2,207|15|2,76|9|1
[AxisPad|AxisPad]
DEADZONES=0.3,0.3,0.3
2|24|3,2|25|4,5|26|5,5|27|6,1|22|5,1|23|6,0|20|3,0|21|4,0|18|21,0|19|22,0|16|19,0|17|20,0|2|2,1|1|2,2|0|2,3|3|2,4|10|2,5|13|2,6|11|2,7|14|2,10|9|2,11|8|2
2|24|3,2|25|4,5|26|5,5|27|6,1|22|5,1|23|6,0|20|3,0|21|4,0|18|21,0|19|22,0|16|19,0|17|20,0|3|2,1|0|2,2|2|2,3|1|2,4|10|2,5|13|2,6|11|2,7|14|2,10|9|2,11|8|2
2|24|3,2|25|4,5|26|5,5|27|6,1|22|5,1|23|6,0|20|3,0|21|4,0|18|21,0|19|22,0|16|19,0|17|20,0|3|2,1|0|2,2|2|2,3|1|2,4|10|2,5|13|2,6|11|2,7|14|2,10|9|2,11|8|2
[Logitech WingMan RumblePad USB|Logitech WingMan RumblePad USB|WingMan RumblePad]
DEADZONES=0.3,0.3,0.3
6|10|2,7|13|2,2|14|2,5|11|2,1|22|5,0|20|3,0|21|4,1|23|6,3|2|2,4|1|2,0|0|2,1|3|2,5|24|3,5|25|4,6|26|5,6|27|6,8|8|2,0|18|21,0|19|22,0|16|19,0|17|20
6|10|2,7|13|2,2|14|2,5|11|2,1|22|5,0|20|3,0|21|4,1|23|6,0|2|2,1|1|2,3|3|2,4|0|2,5|24|3,5|25|4,6|26|5,6|27|6,8|8|2,0|18|21,0|19|22,0|16|19,0|17|20
6|10|2,7|13|2,2|14|2,5|11|2,1|22|5,0|20|3,0|21|4,1|23|6,0|2|2,1|1|2,3|3|2,4|0|2,5|24|3,5|25|4,6|26|5,6|27|6,8|8|2,0|18|21,0|19|22,0|16|19,0|17|20
[Eliminator GamePad Pro|Eliminator GamePad Pro|Gravis Eliminator GamePad Pro]
DEADZONES=0.3,0.3,0.3
1|23|6,1|22|5,0|20|3,0|21|4,0|2|2,1|0|2,2|3|2,3|1|2,4|10|2,5|13|2,6|11|2,7|14|2,8|9|2,9|8|2
1|23|6,1|22|5,0|20|3,0|21|4,0|3|2,1|2|2,2|1|2,3|0|2,4|10|2,5|13|2,6|11|2,7|14|2,8|9|2,9|8|2
1|23|6,1|22|5,0|20|3,0|21|4,0|3|2,1|2|2,2|1|2,3|0|2,4|10|2,5|13|2,6|11|2,7|14|2,8|9|2,9|8|2
[Cyborg Force Rumble Pad|Cyborg Force Rumble Pad]
DEADZONES=0.3,0.3,0.3
5|24|3,5|25|4,6|26|5,6|27|6,1|22|5,1|23|6,0|20|3,0|21|4,0|18|21,0|19|22,0|16|19,0|17|20,0|2|2,1|1|2,2|0|2,3|3|2,4|11|2,5|14|2,6|10|2,7|13|2,8|9|2,11|8|2
5|24|3,5|25|4,6|26|5,6|27|6,1|22|5,1|23|6,0|20|3,0|21|4,0|18|21,0|19|22,0|16|19,0|17|20,0|3|2,1|0|2,2|2|2,3|1|2,4|11|2,5|14|2,6|10|2,7|13|2,9|9|2,11|8|2
5|24|3,5|25|4,6|26|5,6|27|6,1|22|5,1|23|6,0|20|3,0|21|4,0|18|21,0|19|22,0|16|19,0|17|20,0|3|2,1|0|2,2|2|2,3|1|2,4|11|2,5|14|2,6|10|2,7|13|2,9|9|2,11|8|2
[Saitek Cyborg Force Rumble Pad|Saitek Cyborg Force Rumble Pad]
DEADZONES=0.3,0.3,0.3
5|24|3,5|25|4,2|26|5,2|27|6,1|22|5,1|23|6,0|20|3,0|21|4,0|18|21,0|19|22,0|16|19,0|17|20,0|2|2,1|1|2,2|0|2,3|3|2,4|11|2,5|14|2,6|10|2,7|13|2,8|9|2,11|8|2
5|24|3,5|25|4,2|26|5,2|27|6,1|22|5,1|23|6,0|20|3,0|21|4,0|18|21,0|19|22,0|16|19,0|17|20,0|3|2,1|0|2,2|2|2,3|1|2,4|11|2,5|14|2,6|10|2,7|13|2,9|9|2,11|8|2
5|24|3,5|25|4,2|26|5,2|27|6,1|22|5,1|23|6,0|20|3,0|21|4,0|18|21,0|19|22,0|16|19,0|17|20,0|3|2,1|0|2,2|2|2,3|1|2,4|11|2,5|14|2,6|10|2,7|13|2,9|9|2,11|8|2
[Logitech Dual Action|Logitech Dual Action (USB)|Logitech Dual Action USB]
DEADZONES=0.3,0.3,0.3
2|24|3,2|25|4,5|26|5,5|27|6,1|22|5,1|23|6,0|20|3,0|21|4,0|18|21,0|19|22,0|16|19,0|17|20,0|2|2,1|0|2,2|3|2,3|1|2,4|10|2,5|13|2,6|11|2,7|14|2,9|8|2,8|9|2,10|12|2,11|15|2
2|24|3,2|25|4,5|26|5,5|27|6,1|22|5,1|23|6,0|20|3,0|21|4,0|18|21,0|19|22,0|16|19,0|17|20,0|3|2,1|2|2,2|1|2,3|0|2,4|10|2,5|13|2,6|11|2,7|14|2,9|8|2,8|9|2,10|12|2,11|15|2
2|24|3,2|25|4,5|26|5,5|27|6,1|22|5,1|23|6,0|20|3,0|21|4,0|18|21,0|19|22,0|16|19,0|17|20,0|3|2,1|2|2,2|1|2,3|0|2,4|10|2,5|13|2,6|11|2,7|14|2,9|8|2,8|9|2,10|12|2,11|15|2
[Microsoft Sidewinder Plug & Play Game Pad|Microsoft?Sidewinder?Plug & Play Game Pad|Microsoft SideWinder Plug & Play Game Pad]
DEADZONES=0.3,0.3,0.3
1|22|5,1|23|6,0|20|3,0|21|4,0|0|2,1|3|2,2|2|2,3|1|2,4|10|2,5|13|2
1|22|5,1|23|6,0|20|3,0|21|4,2|3|2,3|0|2,0|2|2,1|1|2,4|10|2,5|13|2
1|22|5,1|23|6,0|20|3,0|21|4,2|3|2,3|0|2,0|2|2,1|1|2,4|10|2,5|13|2
[Destroyer Tiltpad|Destroyer Tiltpad]
DEADZONES=0.3,0.3,0.3
1|22|5,1|23|6,0|20|3,0|21|4,0|18|21,0|19|22,0|16|19,0|17|20,1|0|2,2|3|2,0|2|2,3|1|2,4|10|2,5|13|2,6|11|2,7|14|2
1|22|5,1|23|6,0|20|3,0|21|4,0|18|21,0|19|22,0|16|19,0|17|20,0|3|2,1|2|2,2|1|2,3|0|2,4|10|2,5|13|2,6|11|2,7|14|2
1|22|5,1|23|6,0|20|3,0|21|4,0|18|21,0|19|22,0|16|19,0|17|20,0|3|2,1|2|2,2|1|2,3|0|2,4|10|2,5|13|2,6|11|2,7|14|2
[Microsoft SideWinder Dual Strike|Microsoft SideWinder Dual Strike|SideWinder Dual Strike USB version 1.0]
DEADZONES=0.3,0.3,0.3
1|22|5,1|23|6,0|20|3,0|21|4,0|18|21,0|19|22,0|16|19,0|17|20,0|1|2,1|2|2,2|3|2,3|0|2,6|10|2,7|13|2,8|8|2,4|11|2,5|14|2
1|22|5,1|23|6,0|20|3,0|21|4,0|18|21,0|19|22,0|16|19,0|17|20,0|0|2,1|3|2,2|1|2,3|2|2,6|10|2,7|13|2,8|8|2,4|11|2,5|14|2
1|22|5,1|23|6,0|20|3,0|21|4,0|18|21,0|19|22,0|16|19,0|17|20,0|0|2,1|3|2,2|1|2,3|2|2,6|10|2,7|13|2,8|8|2,4|11|2,5|14|2
[SideWinder Game Pad USB version 1.0|SideWinder Game Pad USB version 1.0|Microsoft SideWinder Game Pad USB|Microsoft SideWinder Game Pad USB]
DEADZONES=0.3,0.3,0.3
1|22|5,1|23|6,0|20|3,0|21|4,0|0|2,1|3|2,3|2|2,4|1|2,2|14|2,5|11|2,6|10|2,7|13|2,9|8|2,8|9|2
1|22|5,1|23|6,0|20|3,0|21|4,0|2|2,1|1|2,2|14|2,3|3|2,4|0|2,5|11|2,6|10|2,7|13|2,9|8|2,8|9|2
1|22|5,1|23|6,0|20|3,0|21|4,0|2|2,1|1|2,2|14|2,3|3|2,4|0|2,5|11|2,6|10|2,7|13|2,9|8|2,8|9|2
[WingMan Action Pad|WingMan Action Pad|Logitech WingMan Action Pad]
DEADZONES=0.3,0.3,0.3
1|22|5,1|23|6,0|20|3,0|21|4,0|18|21,0|19|22,0|16|19,0|17|20,3|2|2,4|1|2,5|11|2,0|0|2,1|3|2,2|14|2,6|10|2,7|13|2,8|8|2
1|22|5,1|23|6,0|20|3,0|21|4,0|18|21,0|19|22,0|16|19,0|17|20,3|3|2,4|0|2,5|11|2,0|2|2,1|1|2,2|14|2,6|10|2,7|13|2,8|8|2
1|22|5,1|23|6,0|20|3,0|21|4,0|18|21,0|19|22,0|16|19,0|17|20,3|3|2,4|0|2,5|11|2,0|2|2,1|1|2,2|14|2,6|10|2,7|13|2,8|8|2
[P880|Saitek P880 Pad]
DEADZONES=0.3,0.3,0.3
5|24|3,5|25|4,2|26|5,2|27|6,0|18|21,0|19|22,0|16|19,0|17|20,1|22|5,1|23|6,0|20|3,0|21|4,0|2|2,1|1|2,2|0|2,3|3|2,4|11|2,5|14|2,6|10|2,7|13|2
5|24|3,5|25|4,2|26|5,2|27|6,0|18|21,0|19|22,0|16|19,0|17|20,1|22|5,1|23|6,0|20|3,0|21|4,0|3|2,1|0|2,2|2|2,3|1|2,4|11|2,5|14|2,6|10|2,7|13|2
5|24|3,5|25|4,2|26|5,2|27|6,0|18|21,0|19|22,0|16|19,0|17|20,1|22|5,1|23|6,0|20|3,0|21|4,0|3|2,1|0|2,2|2|2,3|1|2,4|11|2,5|14|2,6|10|2,7|13|2
[Saitek P2000|Saitek P2000]
DEADZONES=0.3,0.3,0.3
1|22|5,1|23|6,0|20|3,0|21|4,0|18|21,0|19|22,0|16|19,0|17|20,0|2|2,1|1|2,2|0|2,3|3|2,4|13|2,5|14|2,6|10|2,7|11|2,8|8|2
1|22|5,1|23|6,0|20|3,0|21|4,0|18|21,0|19|22,0|16|19,0|17|20,0|3|2,1|0|2,2|2|2,3|1|2,4|13|2,5|14|2,6|10|2,7|11|2,8|8|2
1|22|5,1|23|6,0|20|3,0|21|4,0|18|21,0|19|22,0|16|19,0|17|20,0|3|2,1|0|2,2|2|2,3|1|2,4|13|2,5|14|2,6|10|2,7|11|2,8|8|2
[MP-8866 Dual USB Joypad|MP-8866 Dual USB Joypad|Dual USB Force Feedback Joypad (MP-8866)]
DEADZONES=0.3,0.3,0.3
2|24|3,2|25|4,5|26|5,5|27|6,1|22|5,1|23|6,0|20|3,0|21|4,0|18|21,0|19|22,0|16|19,0|17|20,0|1|2,1|3|2,2|0|2,3|2|2,4|11|2,5|14|2,6|10|2,7|13|2,8|8|2,9|9|2
2|24|3,2|25|4,5|26|5,5|27|6,1|22|5,1|23|6,0|20|3,0|21|4,0|18|21,0|19|22,0|16|19,0|17|20,0|0|2,1|1|2,2|2|2,3|3|2,4|11|2,5|14|2,6|10|2,7|13|2,8|8|2,9|9|2
2|24|3,2|25|4,5|26|5,5|27|6,1|22|5,1|23|6,0|20|3,0|21|4,0|18|21,0|19|22,0|16|19,0|17|20,0|0|2,1|1|2,2|2|2,3|3|2,4|11|2,5|14|2,6|10|2,7|13|2,8|8|2,9|9|2
[Saitek P3000 RF Game-Pad|Saitek P3000 Wireless Pad]
DEADZONES=0.3,0.3,0.3
5|24|3,5|25|4,6|26|5,6|27|6,1|22|5,1|23|6,0|20|3,0|21|4,0|18|21,0|19|22,0|16|19,0|17|20,0|2|2,1|1|2,2|0|2,3|3|2,4|11|2,5|14|2,6|10|2,7|13|2
5|24|3,5|25|4,6|26|5,6|27|6,1|22|5,1|23|6,0|20|3,0|21|4,0|18|21,0|19|22,0|16|19,0|17|20,0|3|2,1|0|2,2|2|2,3|1|2,4|11|2,5|14|2,6|10|2,7|13|2
5|24|3,5|25|4,6|26|5,6|27|6,1|22|5,1|23|6,0|20|3,0|21|4,0|18|21,0|19|22,0|16|19,0|17|20,0|3|2,1|0|2,2|2|2,3|1|2,4|11|2,5|14|2,6|10|2,7|13|2
[Firestorm Wireless Gamepad|Firestorm Wireless Gamepad]
DEADZONES=0.3,0.3,0.3
5|24|3,5|25|4,6|26|5,6|27|6,1|22|5,1|23|6,0|20|3,0|21|4,0|18|21,0|19|22,0|16|19,0|17|20,0|0|2,1|2|2,2|3|2,3|1|2,4|10|2,5|11|2,6|13|2,7|14|2,8|9|2,9|8|2
5|24|3,5|25|4,6|26|5,6|27|6,1|22|5,1|23|6,0|20|3,0|21|4,0|18|21,0|19|22,0|16|19,0|17|20,0|2|2,1|3|2,2|1|2,3|0|2,4|10|2,5|11|2,6|13|2,7|14|2,8|9|2,9|8|2
5|24|3,5|25|4,6|26|5,6|27|6,1|22|5,1|23|6,0|20|3,0|21|4,0|18|21,0|19|22,0|16|19,0|17|20,0|2|2,1|3|2,2|1|2,3|0|2,4|10|2,5|11|2,6|13|2,7|14|2,8|9|2,9|8|2
[WingMan Cordless Gamepad|WingMan Cordless Gamepad|Logitech Wingman Cordless Gamepad USB|Logitech WingMan Cordless Gamepad USB]
DEADZONES=0.3,0.3,0.3
5|24|3,5|25|4,6|26|5,6|27|6,1|22|5,1|23|6,0|20|3,0|21|4,0|18|21,0|19|22,0|16|19,0|17|20,0|0|2,1|3|2,3|2|2,4|1|2,6|10|2,9|11|2,7|13|2,10|14|2,8|8|2,5|9|2
5|24|3,5|25|4,6|26|5,6|27|6,1|22|5,1|23|6,0|20|3,0|21|4,0|18|21,0|19|22,0|16|19,0|17|20,4|0|2,0|2|2,1|1|2,3|3|2,6|10|2,9|11|2,7|13|2,10|14|2,8|8|2,5|9|2
5|24|3,5|25|4,6|26|5,6|27|6,1|22|5,1|23|6,0|20|3,0|21|4,0|18|21,0|19|22,0|16|19,0|17|20,4|0|2,0|2|2,1|1|2,6|10|2,9|11|2,7|13|2,10|14|2,8|8|2,3|3|2,5|9|2
[Thrustmaster analog gamepad|Thrustmaster analog gamepad|Thrustmaster dual analog 3.2|Thrustmaster FireStorm(TM) Dual Analog 4 (USB)]
DEADZONES=0.3,0.3,0.3
5|24|3,5|25|4,6|26|5,6|27|6,1|22|5,1|23|6,0|20|3,0|21|4,0|18|21,0|19|22,0|16|19,0|17|20,2|3|2,0|0|2,3|1|2,1|2|2,4|10|2,5|11|2,6|13|2,7|14|2,8|9|2,9|8|2
5|24|3,5|25|4,6|26|5,6|27|6,1|22|5,1|23|6,0|20|3,0|21|4,0|18|21,0|19|22,0|16|19,0|17|20,0|2|2,1|3|2,2|1|2,3|0|2,4|10|2,5|11|2,6|13|2,7|14|2,8|9|2,9|8|2
5|24|3,5|25|4,6|26|5,6|27|6,1|22|5,1|23|6,0|20|3,0|21|4,0|18|21,0|19|22,0|16|19,0|17|20,0|2|2,1|3|2,2|1|2,3|0|2,4|10|2,5|11|2,6|13|2,7|14|2,8|9|2,9|8|2
[Thrustmaster vibrating gamepad|Thrustmaster vibrating gamepad]
DEADZONES=0.3,0.3,0.3
5|24|3,5|25|4,6|26|5,6|27|6,1|22|5,1|23|6,0|20|3,0|21|4,0|18|21,0|19|22,0|16|19,0|17|20,0|0|2,1|2|2,2|3|2,3|1|2,4|10|2,5|11|2,6|13|2,7|14|2,9|8|2,8|9|2
5|24|3,5|25|4,6|26|5,6|27|6,1|22|5,1|23|6,0|20|3,0|21|4,0|18|21,0|19|22,0|16|19,0|17|20,0|2|2,1|3|2,2|1|2,3|0|2,4|10|2,5|11|2,6|13|2,7|14|2,9|8|2,8|9|2
5|24|3,5|25|4,6|26|5,6|27|6,1|22|5,1|23|6,0|20|3,0|21|4,0|18|21,0|19|22,0|16|19,0|17|20,0|2|2,1|3|2,2|1|2,3|0|2,4|10|2,5|11|2,6|13|2,7|14|2,9|8|2,8|9|2
[BULLFROG GAMEPAD|BULLFROG GAMEPAD|_]
DEADZONES=0.3,0.3,0.3
5|24|3,5|25|4,2|26|5,2|27|6,1|22|5,1|23|6,0|20|3,0|21|4,0|18|21,0|19|22,0|16|19,0|17|20,0|2|2,1|1|2,2|0|2,3|3|2,4|10|2,5|13|2,6|11|2,7|14|2,10|9|2,11|8|2
5|24|3,5|25|4,2|26|5,2|27|6,1|22|5,1|23|6,0|20|3,0|21|4,0|18|21,0|19|22,0|16|19,0|17|20,0|3|2,1|0|2,2|2|2,3|1|2,4|10|2,5|13|2,6|11|2,7|14|2,10|9|2,11|8|2
5|24|3,5|25|4,2|26|5,2|27|6,1|22|5,1|23|6,0|20|3,0|21|4,0|18|21,0|19|22,0|16|19,0|17|20,0|3|2,1|0|2,2|2|2,3|1|2,4|10|2,5|13|2,6|11|2,7|14|2,10|9|2,11|8|2
[FireStorm Dual Analog 2|FireStorm Dual Analog 2]
DEADZONES=0.3,0.3,0.3
5|24|3,5|25|4,6|26|5,6|27|6,0|18|21,0|19|22,0|16|19,0|17|20,1|22|5,1|23|6,0|20|3,0|21|4,0|0|2,1|3|2,2|3|2,3|1|2,4|10|2,5|11|2,6|13|2,7|14|2,8|9|2,9|8|2
5|24|3,5|25|4,6|26|5,6|27|6,0|18|21,0|19|22,0|16|19,0|17|20,1|22|5,1|23|6,0|20|3,0|21|4,0|2|2,1|3|2,2|1|2,3|0|2,4|10|2,5|11|2,6|13|2,7|14|2,8|9|2,9|8|2
5|24|3,5|25|4,6|26|5,6|27|6,0|18|21,0|19|22,0|16|19,0|17|20,1|22|5,1|23|6,0|20|3,0|21|4,0|2|2,1|3|2,2|1|2,3|0|2,4|10|2,5|11|2,6|13|2,7|14|2,8|9|2,9|8|2
[GamePad Pro USB |GamePad Pro USB|Gravis GamePad Pro|Gravis GamePad Pro (GamePort)]
DEADZONES=0.3,0.3,0.3
1|22|5,1|23|6,0|20|3,0|21|4,2|3|2,1|0|2,0|2|2,3|1|2,4|10|2,5|13|2,6|11|2,7|14|2,8|9|2,9|8|2
1|22|5,1|23|6,0|20|3,0|21|4,0|3|2,1|2|2,2|1|2,3|0|2,4|10|2,5|13|2,6|11|2,7|14|2,8|9|2,9|8|2
1|22|5,1|23|6,0|20|3,0|21|4,0|3|2,1|2|2,2|1|2,3|0|2,4|10|2,5|13|2,6|11|2,7|14|2,8|9|2,9|8|2
[Dual PSX-USB Adaptor |Dual PSX-USB Adaptor]
DEADZONES=0.3,0.3,0.3
5|24|3,5|25|4,2|26|5,2|27|6,1|22|5,1|23|6,0|20|3,0|21|4,0|18|21,0|19|22,0|16|19,0|17|20,0|1|2,1|3|2,2|0|2,3|2|2,4|11|2,5|14|2,6|10|2,7|13|2,8|9|2,9|8|2
5|24|3,5|25|4,2|26|5,2|27|6,1|22|5,1|23|6,0|20|3,0|21|4,0|18|21,0|19|22,0|16|19,0|17|20,0|0|2,1|1|2,2|2|2,3|3|2,4|11|2,5|14|2,6|10|2,7|13|2,8|9|2,9|8|2
5|24|3,5|25|4,2|26|5,2|27|6,1|22|5,1|23|6,0|20|3,0|21|4,0|18|21,0|19|22,0|16|19,0|17|20,0|0|2,1|1|2,2|2|2,3|3|2,4|11|2,5|14|2,6|10|2,7|13|2,8|9|2,9|8|2
[Logitech WingMan GamePad|Logitech WingMan GamePad|Logitech WingMan Gamepad]
DEADZONES=0.3,0.3,0.3
1|22|5,1|23|6,0|20|3,0|21|4,0|0|2,1|3|2,3|2|2,4|1|2,2|14|2,5|11|2,6|10|2,7|13|2,8|8|2,10|9|2
1|22|5,1|23|6,0|20|3,0|21|4,0|2|2,1|1|2,2|14|2,3|3|2,4|0|2,5|11|2,6|10|2,7|13|2,8|8|2,10|9|2
1|22|5,1|23|6,0|20|3,0|21|4,0|2|2,1|1|2,2|14|2,3|3|2,4|0|2,5|11|2,6|10|2,7|13|2,8|8|2,10|9|2
[Gravis Xterminator Digital Gamepad (GamePort)|Gravis Xterminator Digital Gamepad (GamePort)|Gravis Xterminator Digital GamePad]
DEADZONES=0.3,0.3,0.3
1|22|5,1|23|6,0|20|3,0|21|4,0|18|21,0|19|22,0|16|19,0|17|20,0|0|2,1|3|2,3|2|2,4|1|2,2|14|2,5|11|2,6|10|2,7|13|2,9|8|2
1|22|5,1|23|6,0|20|3,0|21|4,0|18|21,0|19|22,0|16|19,0|17|20,0|2|2,1|1|2,2|14|2,3|3|2,4|0|2,5|11|2,6|10|2,7|13|2,9|8|2
1|22|5,1|23|6,0|20|3,0|21|4,0|18|21,0|19|22,0|16|19,0|17|20,0|2|2,1|1|2,2|14|2,3|3|2,4|0|2,5|11|2,6|10|2,7|13|2,9|8|2
[Interact Gaming Device|Interact Gaming Device]
DEADZONES=0.3,0.3,0.3
2|24|3,2|25|4,5|26|5,5|27|6,1|22|5,1|23|6,0|20|3,0|21|4,0|18|21,0|19|22,0|16|19,0|17|20,0|2|2,1|1|2,3|0|2,4|3|2,2|11|2,5|14|2,6|10|2,7|13|2,10|9|2,11|8|2
2|24|3,2|25|4,5|26|5,5|27|6,1|22|5,1|23|6,0|20|3,0|21|4,0|18|21,0|19|22,0|16|19,0|17|20,0|3|2,1|0|2,2|11|2,3|2|2,4|1|2,5|14|2,6|10|2,7|13|2,10|9|2,11|8|2
2|24|3,2|25|4,5|26|5,5|27|6,1|22|5,1|23|6,0|20|3,0|21|4,0|18|21,0|19|22,0|16|19,0|17|20,0|3|2,1|0|2,2|11|2,3|2|2,4|1|2,5|14|2,6|10|2,7|13|2,10|9|2,11|8|2
[Belkin N45|4 Axis 13 button gamepad with hat switch|Nostromo n45 Dual Analog Gamepad]
DEADZONES=0.3,0.3,0.3
5|24|3,5|25|4,2|26|5,2|27|6,1|22|5,1|23|6,0|20|3,0|21|4,0|18|21,0|19|22,0|16|19,0|17|20,0|0|2,1|3|2,2|2|2,3|1|2,4|10|2,5|11|2,6|13|2,7|14|2,8|9|2,10|8|2
5|24|3,5|25|4,2|26|5,2|27|6,1|22|5,1|23|6,0|20|3,0|21|4,0|18|21,0|19|22,0|16|19,0|17|20,0|2|2,1|1|2,2|3|2,3|0|2,4|10|2,5|11|2,6|13|2,7|14|2,8|9|2,10|8|2
5|24|3,5|25|4,2|26|5,2|27|6,1|22|5,1|23|6,0|20|3,0|21|4,0|18|21,0|19|22,0|16|19,0|17|20,0|2|2,1|1|2,2|3|2,3|0|2,4|10|2,5|11|2,6|13|2,7|14|2,8|9|2,10|8|2
[Logitech Cordless RumblePad 2|Logitech Cordless RumblePad 2|Logitech Cordless RumblePad 2 USB]
DEADZONES=0.3,0.3,0.3
2|24|3,2|25|4,5|26|5,5|27|6,1|22|5,1|23|6,0|20|3,0|21|4,0|18|21,0|19|22,0|16|19,0|17|20,0|2|2,1|0|2,2|3|2,3|1|2,4|10|2,5|13|2,6|11|2,7|14|2,8|9|2,9|8|2
2|24|3,2|25|4,5|26|5,5|27|6,1|22|5,1|23|6,0|20|3,0|21|4,0|18|21,0|19|22,0|16|19,0|17|20,0|3|2,1|2|2,2|1|2,3|0|2,4|10|2,5|13|2,6|11|2,7|14|2,8|9|2,9|8|2
2|24|3,2|25|4,5|26|5,5|27|6,1|22|5,1|23|6,0|20|3,0|21|4,0|18|21,0|19|22,0|16|19,0|17|20,0|3|2,1|2|2,2|1|2,3|0|2,4|10|2,5|13|2,6|11|2,7|14|2,8|9|2,9|8|2
[Logitech RumblePad 2 USB|Logitech RumblePad 2 USB|PS3/USB Cordless Gamepad|PS3/USB Corded Gamepad]
DEADZONES=0.3,0.3,0.3
2|24|3,2|25|4,5|26|5,5|27|6,1|22|5,1|23|6,0|20|3,0|21|4,0|18|21,0|19|22,0|16|19,0|17|20,0|2|2,1|0|2,2|3|2,3|1|2,4|10|2,5|13|2,6|11|2,7|14|2,8|9|2,9|8|2
2|24|3,2|25|4,5|26|5,5|27|6,1|22|5,1|23|6,0|20|3,0|21|4,0|18|21,0|19|22,0|16|19,0|17|20,0|3|2,1|2|2,2|1|2,3|0|2,4|10|2,5|13|2,6|11|2,7|14|2,8|9|2,9|8|2
2|24|3,2|25|4,5|26|5,5|27|6,1|22|5,1|23|6,0|20|3,0|21|4,0|18|21,0|19|22,0|16|19,0|17|20,0|3|2,1|2|2,2|1|2,3|0|2,4|10|2,5|13|2,6|11|2,7|14|2,8|9|2,9|8|2
[Thrustmaster 2 in 1 Dual Trigger|USB Joystick]
DEADZONES=0.3,0.3,0.3
5|24|3,5|25|4,6|26|5,6|27|6,1|22|5,1|23|6,0|20|3,0|21|4,0|18|21,0|19|22,0|16|19,0|17|20,0|0|2,1|2|2,2|3|2,3|1|2,4|10|2,5|11|2,6|13|2,7|14|2,8|9|2,9|8|2
5|24|3,5|25|4,6|26|5,6|27|6,1|22|5,1|23|6,0|20|3,0|21|4,0|18|21,0|19|22,0|16|19,0|17|20,0|2|2,1|3|2,2|1|2,3|0|2,4|10|2,5|11|2,6|13|2,7|14|2,8|9|2,9|8|2
5|24|3,5|25|4,6|26|5,6|27|6,1|22|5,1|23|6,0|20|3,0|21|4,0|18|21,0|19|22,0|16|19,0|17|20,0|2|2,1|3|2,2|1|2,3|0|2,4|10|2,5|11|2,6|13|2,7|14|2,8|9|2,9|8|2
[Thrustmaster Wireless Dual Trigger|Wireless DT|Thrustmaster Firestorm(TM) Wireless Gamepad (USB)|Rechargeable DT 2 in 1]
DEADZONES=0.3,0.3,0.3
5|24|3,5|25|4,6|26|5,6|27|6,1|22|5,1|23|6,0|20|3,0|21|4,0|18|21,0|19|22,0|16|19,0|17|20,0|0|2,1|2|2,2|3|2,3|1|2,4|10|2,5|11|2,6|13|2,7|14|2,8|9|2,9|8|2
5|24|3,5|25|4,6|26|5,6|27|6,1|22|5,1|23|6,0|20|3,0|21|4,0|18|21,0|19|22,0|16|19,0|17|20,0|2|2,1|3|2,2|1|2,3|0|2,4|10|2,5|11|2,6|13|2,7|14|2,8|9|2,9|8|2
5|24|3,5|25|4,6|26|5,6|27|6,1|22|5,1|23|6,0|20|3,0|21|4,0|18|21,0|19|22,0|16|19,0|17|20,0|2|2,1|3|2,2|1|2,3|0|2,4|10|2,5|11|2,6|13|2,7|14|2,8|9|2,9|8|2
[EMS Joypad Convertor|4 axis 16 button joystick]
DEADZONES=0.3,0.3,0.3
12|18|2,14|19|2,15|16|2,13|17|2,5|24|3,5|25|4,2|26|5,2|27|6,1|22|5,1|23|6,0|20|3,0|21|4,0|1|2,1|3|2,2|0|2,3|2|2,4|11|2,5|14|2,6|10|2,7|13|2,8|9|2,9|8|2
12|18|2,14|19|2,15|16|2,13|17|2,5|24|3,5|25|4,2|26|5,2|27|6,1|22|5,1|23|6,0|20|3,0|21|4,0|0|2,1|1|2,2|2|2,3|3|2,4|11|2,5|14|2,6|10|2,7|13|2,8|9|2,9|8|2
12|18|2,14|19|2,15|16|2,13|17|2,5|24|3,5|25|4,2|26|5,2|27|6,1|22|5,1|23|6,0|20|3,0|21|4,0|0|2,1|1|2,2|2|2,3|3|2,4|11|2,5|14|2,6|10|2,7|13|2,8|9|2,9|8|2
[Eliminator Aftershock|Gravis Eliminator AfterShock|Eliminator Aftershock   ]
DEADZONES=0.3,0.3,0.3
0|20|3,0|21|4,1|22|5,1|23|6,5|24|3,5|25|4,2|26|5,2|27|6,6|16|3,6|17|4,3|18|5,3|19|6,0|2|2,1|0|2,2|3|2,3|1|2,4|10|2,5|13|2,6|11|2,7|14|2,8|8|2,9|9|2
0|20|3,0|21|4,1|22|5,1|23|6,5|24|3,5|25|4,2|26|5,2|27|6,6|16|3,6|17|4,3|18|5,3|19|6,0|3|2,1|2|2,2|1|2,3|0|2,4|10|2,5|13|2,6|11|2,7|14|2,8|8|2,9|9|2
0|20|3,0|21|4,1|22|5,1|23|6,5|24|3,5|25|4,2|26|5,2|27|6,6|16|3,6|17|4,3|18|5,3|19|6,0|3|2,1|2|2,2|1|2,3|0|2,4|10|2,5|13|2,6|11|2,7|14|2,8|8|2,9|9|2
[Default Pad|Default]
DEADZONES=0.3,0.3,0.3
0|18|21,0|19|22,0|16|19,0|17|20,1|22|5,1|23|6,0|20|3,0|21|4,0|1|2,1|3|2,2|0|2,3|2|2,4|11|2,5|14|2,6|10|2,7|13|2,8|8|2
0|18|21,0|19|22,0|16|19,0|17|20,1|22|5,1|23|6,0|20|3,0|21|4,0|0|2,1|1|2,2|2|2,3|3|2,4|11|2,5|14|2,6|10|2,7|13|2,8|8|2
0|18|21,0|19|22,0|16|19,0|17|20,1|22|5,1|23|6,0|20|3,0|21|4,0|0|2,1|1|2,2|2|2,3|3|2,4|11|2,5|14|2,6|10|2,7|13|2,8|8|2
[Logitech Precision Gamepad|Logitech(R) Precision(TM) Gamepad]
DEADZONES=0.3,0.3,0.3
1|22|5,1|23|6,0|20|3,0|21|4,0|2|2,1|0|2,2|3|2,3|1|2,4|10|2,5|13|2,6|11|2,7|14|2,8|9|2,9|8|2
1|22|5,1|23|6,0|20|3,0|25|4,0|3|2,1|2|2,2|1|2,3|0|2,4|10|2,5|13|2,6|11|2,7|14|2,8|9|2,9|8|2
1|22|5,1|23|6,0|20|3,0|21|4,0|3|2,1|2|2,2|1|2,3|0|2,4|10|2,5|13|2,6|11|2,7|14|2,8|9|2,9|8|2
[N40|2 axis 10 button joystick]
DEADZONES=0.3,0.3,0.3
1|22|5,1|23|6,0|20|3,0|21|4,0|0|2,1|2|2,2|3|2,3|1|2,4|10|2,5|11|2,6|13|2,7|14|2,8|9|2,9|8|2
1|22|5,1|23|6,0|20|3,0|21|4,0|2|2,1|1|2,2|3|2,3|0|2,4|10|2,5|11|2,6|13|2,7|14|2,8|9|2,9|8|2
1|22|5,1|23|6,0|20|3,0|21|4,0|2|2,1|1|2,2|3|2,3|0|2,4|10|2,5|11|2,6|13|2,7|14|2,8|9|2,9|8|2
[Thrustmaster Firestorm Digital 3|USB 2-Axis 8-Button Gamepad]
DEADZONES=0.3,0.3,0.3
1|22|5,1|23|6,0|20|3,0|21|4,0|0|2,1|2|2,2|3|2,3|1|2,4|10|2,5|11|2,6|13|2,7|14|2
1|22|5,1|23|6,0|20|3,0|21|4,0|2|2,1|3|2,2|1|2,3|0|2,4|10|2,5|11|2,6|13|2,7|14|2
1|22|5,1|23|6,0|20|3,0|21|4,0|2|2,1|3|2,2|1|2,3|0|2,4|10|2,5|11|2,6|13|2,7|14|2
[Nostromo N50 Keypad|3 axis 10 button gamepad]
DEADZONES=0.3,0.3,0.3
1|22|5,1|23|6,0|20|3,0|21|4,0|11|2,1|9|2,2|1|2,6|2|2,7|0|2,8|3|2,3|8|2,4|14|2,5|10|2,9|13|2
1|22|5,1|23|6,0|20|3,0|21|4,0|11|2,1|9|2,2|0|2,3|8|2,4|14|2,5|10|2,6|3|2,7|2|2,8|1|2,9|13|2
1|22|5,1|23|6,0|20|3,0|21|4,0|11|2,1|9|2,2|0|2,3|8|2,4|14|2,5|10|2,6|3|2,7|2|2,8|1|2,9|13|2
[Saitek P220 Digital Pad|P220]
DEADZONES=0.3,0.3,0.3
1|22|5,1|23|6,0|20|3,0|21|4,0|2|2,1|1|2,2|0|2,3|3|2,4|11|2,5|14|2,6|10|2,7|13|2
1|22|5,1|23|6,0|20|3,0|21|4,0|3|2,1|0|2,2|2|2,3|1|2,4|11|2,5|14|2,6|10|2,7|13|2
1|22|5,1|23|6,0|20|3,0|21|4,0|3|2,1|0|2,2|2|2,3|1|2,4|11|2,5|14|2,6|10|2,7|13|2
[Logitech WingMan Gamepad Extreme|Logitech WingMan Gamepad Extreme (USB)]
DEADZONES=0.3,0.3,0.3
1|22|5,1|23|6,0|20|3,0|21|4,0|2|0,1|1|2,3|3|3,4|0|1,2|14|2,5|11|2,6|10|2,7|13|2,8|8|2
1|22|5,1|23|6,0|20|3,0|21|4,0|2|2,1|1|2,2|14|2,3|3|2,4|0|2,5|11|2,6|10|2,7|13|2,8|8|2
1|22|5,1|23|6,0|20|3,0|21|4,0|2|2,1|1|2,2|14|2,3|3|2,4|0|2,5|11|2,6|10|2,7|13|2,8|8|2
[Microsoft SideWinder Freestyle Pro|Microsoft SideWinder Freestyle Pro (USB)]
DEADZONES=0.3,0.3,0.3
1|22|5,1|23|6,0|20|3,0|21|4,0|0|2,1|3|2,2|14|2,3|2|2,4|1|2,5|11|2,6|10|2,7|13|2,8|8|2
1|22|5,1|23|6,0|20|3,0|21|4,0|2|2,1|1|2,2|14|2,3|3|2,4|0|2,5|11|2,6|10|2,7|13|2,8|8|2
1|22|5,1|23|6,0|20|3,0|21|4,0|2|2,1|1|2,2|14|2,3|3|2,4|0|2,5|11|2,6|10|2,7|13|2,8|8|2
[Microsoft SideWinder Game Pad Pro|Microsoft SideWinder Game Pad Pro]
DEADZONES=0.3,0.3,0.3
1|22|5,1|23|6,0|20|3,0|21|4,0|0|2,1|3|2,2|14|2,3|2|2,4|1|2,5|11|2,6|10|2,7|13|2,8|8|2
1|22|5,1|23|6,0|20|3,0|21|4,0|2|2,1|1|2,2|14|2,3|3|2,4|0|2,5|11|2,6|10|2,7|13|2,8|8|2
1|22|5,1|23|6,0|20|3,0|21|4,0|2|2,1|1|2,2|14|2,3|3|2,4|0|2,5|11|2,6|10|2,7|13|2,8|8|2
[4-button gamepad|4-button gamepad]
DEADZONES=0.3,0.3,0.3
1|22|5,1|23|6,0|20|3,0|21|4,0|0|2,1|2|2,2|3|2,3|1|2
1|22|5,1|23|6,0|20|3,0|21|4,0|0|2,1|1|2,2|2|2,3|3|2
1|22|5,1|23|6,0|20|3,0|21|4,0|0|2,1|1|2,2|2|2,3|3|2
[Nyko Air Flo|AIRFLO             ]
DEADZONES=0.3,0.3,0.3
5|24|3,5|25|4,2|26|5,2|27|6,1|22|5,1|23|6,0|20|3,0|21|4,0|18|21,0|19|22,0|16|19,0|17|20,0|0|2,1|3|2,2|2|2,3|1|2,4|10|2,5|13|2,6|11|2,7|14|2,8|9|2,9|8|2
5|24|3,5|25|4,2|26|5,2|27|6,1|22|5,1|23|6,0|20|3,0|21|4,0|18|21,0|19|22,0|16|19,0|17|20,0|2|2,1|1|2,2|3|2,3|0|2,4|10|2,5|13|2,6|11|2,7|14|2,8|9|2,9|8|2
5|24|3,5|25|4,2|26|5,2|27|6,1|22|5,1|23|6,0|20|3,0|21|4,0|18|21,0|19|22,0|16|19,0|17|20,0|2|2,1|1|2,2|3|2,3|0|2,4|10|2,5|13|2,6|11|2,7|14|2,8|9|2,9|8|2
[InterAct ProPad6|InterAct ProPad6]
DEADZONES=0.3,0.3,0.3
1|22|5,1|23|6,0|20|3,0|21|4,0|0|2,1|3|2,2|2|2,3|1|2,4|13|2,5|10|2
1|22|5,1|23|6,0|20|3,0|21|4,0|2|2,1|1|2,2|3|2,3|0|2,4|13|2,5|10|2
1|22|5,1|23|6,0|20|3,0|21|4,0|2|2,1|1|2,2|3|2,3|0|2,4|13|2,5|10|2
[Mad Catz Game Controller|Mad Catz Game Controller]
DEADZONES=0.3,0.3,0.3
5|24|3,5|25|4,2|26|5,2|27|6,1|22|5,1|23|6,0|20|3,0|21|4,0|18|21,0|19|22,0|16|19,0|17|20,0|0|2,1|3|2,2|2|2,3|1|2,4|11|2,5|14|2,6|9|2,8|8|2,7|12|2,9|15|2,3|10|8,4|13|8
5|24|3,5|25|4,2|26|5,2|27|6,1|22|5,1|23|6,0|20|3,0|21|4,0|18|21,0|19|22,0|16|19,0|17|20,0|2|2,1|1|2,2|3|2,3|0|2,4|11|2,5|14|2,6|9|2,8|8|2,7|12|2,9|15|2,3|10|8,4|13|8
5|24|3,5|25|4,2|26|5,2|27|6,1|22|5,1|23|6,0|20|3,0|21|4,0|18|21,0|19|22,0|16|19,0|17|20,0|2|2,1|1|2,2|3|2,3|0|2,4|11|2,5|14|2,6|9|2,8|8|2,7|12|2,9|15|2,3|10|8,4|13|8
[XBOX 360 For Windows (Controller)|XBox 360 For Windows (Controller)|XUSB Gamepad (Controller)]
DEADZONES=0.3,0.3,0.3
2|24|3,2|25|4,3|26|5,3|27|6,1|22|5,1|23|6,0|20|3,0|21|4,0|18|21,0|19|22,0|16|19,0|17|20,0|0|2,2|3|2,3|2|2,1|1|2,9|8|2,8|9|2,4|10|2,6|11|2,10|12|2,5|13|2,7|14|2,11|15|2
2|24|3,2|25|4,3|26|5,3|27|6,1|22|5,1|23|6,0|20|3,0|21|4,0|18|21,0|19|22,0|16|19,0|17|20,0|2|2,1|1|2,2|3|2,3|0|2,9|8|2,8|9|2,4|10|2,6|11|2,10|12|2,5|13|2,7|14|2,11|15|2
2|24|3,2|25|4,3|26|5,3|27|6,1|22|5,1|23|6,0|20|3,0|21|4,0|18|21,0|19|22,0|16|19,0|17|20,0|2|2,1|1|2,2|3|2,3|0|2,9|8|2,8|9|2,4|10|2,6|11|2,10|12|2,5|13|2,7|14|2,11|15|2
[Internet Keys USB|Internet Keys USB|Easy Internet Keyboard]
DEADZONES=0.0,0.0,0.0
70|12|1
70|12|1
70|12|1
[Saitek P990 Dual Analog Pad|Saitek P990 Dual Analog Pad]
DEADZONES=0.3,0.3,0.3
5|24|3,5|25|4,2|26|5,2|27|6,1|22|5,1|23|6,0|20|3,0|21|4,0|18|21,0|19|22,0|16|19,0|17|20,0|2|2,1|0|2,2|3|2,3|1|2,4|11|2,5|14|2,6|10|2,7|13|2,8|8|2,9|9|2
5|24|3,5|25|4,2|26|5,2|27|6,1|22|5,1|23|6,0|20|3,0|21|4,0|18|21,0|19|22,0|16|19,0|17|20,0|3|2,1|2|2,2|1|2,3|0|2,4|11|2,5|14|2,6|10|2,7|13|2,8|8|2,9|9|2
5|24|3,5|25|4,2|26|5,2|27|6,1|22|5,1|23|6,0|20|3,0|21|4,0|18|21,0|19|22,0|16|19,0|17|20,0|3|2,1|2|2,2|1|2,3|0|2,4|11|2,5|14|2,6|10|2,7|13|2,8|8|2,9|9|2
[Saitek P2600 Rumble Force Pad|Saitek P2600 Rumble Force Pad]
DEADZONES=0.5,0.5,0.5
5|24|3,5|25|4,2|26|5,2|27|6,1|22|5,1|23|6,0|20|3,0|21|4,0|18|21,0|19|22,0|16|19,0|17|20,0|2|2,1|0|2,2|3|2,3|1|2,4|11|2,5|14|2,6|10|2,7|13|2,8|8|2,9|9|2
5|24|3,5|25|4,2|26|5,2|27|6,1|22|5,1|23|6,0|20|3,0|21|4,0|18|21,0|19|22,0|16|19,0|17|20,0|3|2,1|2|2,2|1|2,3|0|2,4|11|2,5|14|2,6|10|2,7|13|2,8|8|2,9|9|2
5|24|3,5|25|4,2|26|5,2|27|6,1|22|5,1|23|6,0|20|3,0|21|4,0|18|21,0|19|22,0|16|19,0|17|20,0|3|2,1|2|2,2|1|2,3|0|2,4|11|2,5|14|2,6|10|2,7|13|2,8|8|2,9|9|2
[Saitek P2900 Wireless Pad|Saitek P2900 Wireless Pad]
DEADZONES=0.3,0.3,0.3
5|24|3,5|25|4,2|26|5,2|27|6,1|22|5,1|23|6,0|20|3,0|21|4,0|18|21,0|19|22,0|16|19,0|17|20,0|2|2,1|0|2,2|3|2,3|1|2,4|11|2,5|14|2,6|10|2,7|13|2,8|8|2,9|9|2
5|24|3,5|25|4,2|26|5,2|27|6,1|22|5,1|23|6,0|20|3,0|21|4,0|18|21,0|19|22,0|16|19,0|17|20,0|3|2,1|2|2,2|1|2,3|0|2,4|11|2,5|14|2,6|10|2,7|13|2,8|8|2,9|9|2
5|24|3,5|25|4,2|26|5,2|27|6,1|22|5,1|23|6,0|20|3,0|21|4,0|18|21,0|19|22,0|16|19,0|17|20,0|3|2,1|2|2,2|1|2,3|0|2,4|11|2,5|14|2,6|10|2,7|13|2,8|8|2,9|9|2
[Thrustmaster DT Rechargeable|Thrustmaster DT Rechargeable]
DEADZONES=0.3,0.3,0.3
5|24|3,5|25|4,6|26|5,6|27|6,1|22|5,1|23|6,0|20|3,0|21|4,0|18|21,0|19|22,0|16|19,0|17|20,0|0|2,1|2|2,2|3|2,3|1|2,4|10|2,5|11|2,6|13|2,7|14|2,8|9|2,9|8|2,10|12|2,11|15|2
5|24|3,5|25|4,6|26|5,6|27|6,1|22|5,1|23|6,0|20|3,0|21|4,0|18|21,0|19|22,0|16|19,0|17|20,0|2|2,1|3|2,2|1|2,3|0|2,4|10|2,5|11|2,6|13|2,7|14|2,8|9|2,9|8|2,10|12|2,11|15|2
5|24|3,5|25|4,6|26|5,6|27|6,1|22|5,1|23|6,0|20|3,0|21|4,0|18|21,0|19|22,0|16|19,0|17|20,0|2|2,1|3|2,2|1|2,3|0|2,4|10|2,5|11|2,6|13|2,7|14|2,8|9|2,9|8|2,10|12|2,11|15|2
[Thrustmaster DT Rumble|Thrustmaster DT Rumble]
DEADZONES=0.3,0.3,0.3
5|24|3,5|25|4,6|26|5,6|27|6,1|22|5,1|23|6,0|20|3,0|21|4,0|18|21,0|19|22,0|16|19,0|17|20,0|0|2,1|2|2,2|3|2,3|1|2,4|10|2,5|11|2,6|13|2,7|14|2,8|9|2,9|8|2,10|12|2,11|15|2
5|24|3,5|25|4,6|26|5,6|27|6,1|22|5,1|23|6,0|20|3,0|21|4,0|18|21,0|19|22,0|16|19,0|17|20,0|2|2,1|3|2,2|1|2,3|0|2,4|10|2,5|11|2,6|13|2,7|14|2,8|9|2,9|8|2,10|12|2,11|15|2
5|24|3,5|25|4,6|26|5,6|27|6,1|22|5,1|23|6,0|20|3,0|21|4,0|18|21,0|19|22,0|16|19,0|17|20,0|2|2,1|3|2,2|1|2,3|0|2,4|10|2,5|11|2,6|13|2,7|14|2,8|9|2,9|8|2,10|12|2,11|15|2
[Thrustmaster FireStorm(TM) Dual Power 4 Gamepad|Thrustmaster FireStorm(TM) Dual Power 4 Gamepad]
DEADZONES=0.3,0.3,0.3
5|24|3,5|25|4,6|26|5,6|27|6,1|22|5,1|23|6,0|20|3,0|21|4,0|18|21,0|19|22,0|16|19,0|17|20,2|3|2,0|0|2,3|1|2,1|2|2,4|10|2,5|11|2,6|13|2,7|14|2,8|9|2,9|8|2
5|24|3,5|25|4,6|26|5,6|27|6,1|22|5,1|23|6,0|20|3,0|21|4,0|18|21,0|19|22,0|16|19,0|17|20,0|2|2,1|3|2,2|1|2,3|0|2,4|10|2,5|11|2,6|13|2,7|14|2,8|9|2,9|8|2
5|24|3,5|25|4,6|26|5,6|27|6,1|22|5,1|23|6,0|20|3,0|21|4,0|18|21,0|19|22,0|16|19,0|17|20,0|2|2,1|3|2,2|1|2,3|0|2,4|10|2,5|11|2,6|13|2,7|14|2,8|9|2,9|8|2
[Thrustmaster Wireless Dual Trigger Gamepad|Thrustmaster Wireless Dual Trigger Gamepad]
DEADZONES=0.3,0.3,0.3
5|24|3,5|25|4,6|26|5,6|27|6,1|22|5,1|23|6,0|20|3,0|21|4,0|18|21,0|19|22,0|16|19,0|17|20,0|0|2,1|2|2,2|3|2,3|1|2,4|10|2,5|11|2,6|13|2,7|14|2,8|9|2,9|8|2,10|12|2,11|15|2
5|24|3,5|25|4,6|26|5,6|27|6,1|22|5,1|23|6,0|20|3,0|21|4,0|18|21,0|19|22,0|16|19,0|17|20,0|2|2,1|3|2,2|1|2,3|0|2,4|10|2,5|11|2,6|13|2,7|14|2,8|9|2,9|8|2,10|12|2,11|15|2
5|24|3,5|25|4,6|26|5,6|27|6,1|22|5,1|23|6,0|20|3,0|21|4,0|18|21,0|19|22,0|16|19,0|17|20,0|2|2,1|3|2,2|1|2,3|0|2,4|10|2,5|11|2,6|13|2,7|14|2,8|9|2,9|8|2,10|12|2,11|15|2
[MICRON|MICRON (USB)]
DEADZONES=0.3,0.3,0.3
0|2|2,1|1|2,2|0|2,3|3|2,4|10|2,5|13|2,6|11|2,7|14|2,8|12|2,9|15|2,10|9|2,11|8|2,0|16|19,0|17|20,0|18|21,0|19|22,0|20|3,0|21|4,1|22|5,1|23|6,2|24|3,2|25|4,5|26|5,5|27|6
0|3|2,1|0|2,2|2|2,3|1|2,4|10|2,5|13|2,6|11|2,7|14|2,8|12|2,9|15|2,10|9|2,11|8|2,0|16|19,0|17|20,0|18|21,0|19|22,0|20|3,0|21|4,1|22|5,1|23|6,2|24|3,2|25|4,5|26|5,5|27|6
0|3|2,1|0|2,2|2|2,3|1|2,4|10|2,5|13|2,6|11|2,7|14|2,8|12|2,9|15|2,10|9|2,11|8|2,0|16|19,0|17|20,0|18|21,0|19|22,0|20|3,0|21|4,1|22|5,1|23|6,2|24|3,2|25|4,5|26|5,5|27|6
[Hybrion|Hybrion USB gamepad]
DEADZONES=0.3,0.3,0.3
0|2|2,1|0|2,2|3|2,3|1|2,4|10|2,5|13|2,6|11|2,7|14|2,8|9|2,9|8|2,10|12|2,11|15|2,0|16|19,0|17|20,0|18|21,0|19|22,0|20|3,0|21|4,1|22|5,1|23|6,2|24|3,2|25|4,5|26|5,5|27|6
0|3|2,1|2|2,2|1|2,3|0|2,4|10|2,5|13|2,6|11|2,7|14|2,8|9|2,9|8|2,10|12|2,11|15|2,0|16|19,0|17|20,0|18|21,0|19|22,0|20|3,0|21|4,1|22|5,1|23|6,2|24|3,2|25|4,5|26|5,5|27|6
0|3|2,1|2|2,2|1|2,3|0|2,4|10|2,5|13|2,6|11|2,7|14|2,8|9|2,9|8|2,10|12|2,11|15|2,0|16|19,0|17|20,0|18|21,0|19|22,0|20|3,0|21|4,1|22|5,1|23|6,2|24|3,2|25|4,5|26|5,5|27|6
[USB Vibration Joystick|USB Vibration JoyStick]
DEADZONES=0.3,0.3,0.3
0|2|2,1|1|2,2|0|2,3|3|2,4|10|2,5|11|2,6|13|2,7|14|2,8|9|2,9|8|2,10|12|2,11|15|2,0|16|19,0|17|20,0|18|21,0|19|22,0|20|3,0|21|4,1|22|5,1|23|6,2|24|3,2|25|4,5|26|5,5|27|6
0|3|2,1|0|2,2|2|2,3|1|2,4|10|2,5|11|2,6|13|2,7|14|2,8|9|2,9|8|2,10|12|2,11|15|2,0|16|19,0|17|20,0|18|21,0|19|22,0|20|3,0|21|4,1|22|5,1|23|6,2|24|3,2|25|4,5|26|5,5|27|6
0|3|2,1|0|2,2|2|2,3|1|2,4|10|2,5|11|2,6|13|2,7|14|2,8|9|2,9|8|2,10|12|2,11|15|2,0|16|19,0|17|20,0|18|21,0|19|22,0|20|3,0|21|4,1|22|5,1|23|6,2|24|3,2|25|4,5|26|5,5|27|6
[ KM Triple Mapper| KM Triple Mapper]
DEADZONES=0.3,0.3,0.3
2|1|2,1|3|2,0|0|2,3|2|2,4|13|2,5|14|2,6|10|2,7|11|2,8|9|2,9|8|2,10|12|2,11|15|2,0|16|19,0|17|20,0|18|21,0|19|22,0|20|3,0|21|4,1|22|5,1|23|6,2|24|3,2|25|4,5|26|5,5|27|6
0|2|2,1|1|2,2|0|2,3|3|2,4|13|2,5|14|2,6|10|2,7|11|2,8|9|2,9|8|2,10|12|2,11|15|2,0|16|19,0|17|20,0|18|21,0|19|22,0|20|3,0|21|4,1|22|5,1|23|6,2|24|3,2|25|4,5|26|5,5|27|6
0|2|2,1|1|2,2|0|2,3|3|2,4|13|2,5|14|2,6|10|2,7|11|2,8|9|2,9|8|2,10|12|2,11|15|2,0|16|19,0|17|20,0|18|21,0|19|22,0|20|3,0|21|4,1|22|5,1|23|6,2|24|3,2|25|4,5|26|5,5|27|6
[CYVOX|Joytron CYVOX (USB)]
DEADZONES=0.3,0.3,0.3
9|9|2,8|8|2,0|2|2,1|1|2,2|0|2,3|3|2,4|10|2,5|11|2,6|13|2,7|14|2,10|12|2,11|15|2,0|20|3,0|21|4,1|22|5,1|23|6,0|16|19,0|17|20,0|18|21,0|19|22
2|26|3,2|27|4,5|24|5,5|25|6,1|22|5,1|23|6,0|20|3,0|21|4,0|18|21,0|19|22,0|16|19,0|17|20,0|3|2,1|0|2,2|2|2,3|1|2,4|10|2,5|11|2,6|13|2,7|14|2,8|9|2,9|8|2
2|26|3,2|27|4,5|24|5,5|25|6,1|22|5,1|23|6,0|20|3,0|21|4,0|18|21,0|19|22,0|16|19,0|17|20,0|3|2,1|0|2,2|2|2,3|1|2,4|10|2,5|11|2,6|13|2,7|14|2,8|9|2,9|8|2
[Mega Shock ON|Joytron Mega Shock ON (USB)]
DEADZONES=0.3,0.3,0.3
9|9|2,8|8|2,0|1|2,1|3|2,2|0|2,3|2|2,4|10|2,5|13|2,6|11|2,7|14|2,10|12|2,11|15|2,0|20|3,0|21|4,1|22|5,1|23|6,0|16|19,0|17|20,0|18|21,0|19|22
2|26|3,2|27|4,5|24|5,5|25|6,1|22|5,1|23|6,0|20|3,0|21|4,0|18|21,0|19|22,0|16|19,0|17|20,0|0|2,1|1|2,2|2|2,3|3|2,4|10|2,5|13|2,6|11|2,7|14|2,8|9|2,9|8|2
2|26|3,2|27|4,5|24|5,5|25|6,1|22|5,1|23|6,0|20|3,0|21|4,0|18|21,0|19|22,0|16|19,0|17|20,0|0|2,1|1|2,2|2|2,3|3|2,4|10|2,5|13|2,6|11|2,7|14|2,8|9|2,9|8|2
[NUON|Joytron NUON (USB)]
DEADZONES=0.3,0.3,0.3
5|9|2,4|8|2,0|2|2,1|1|2,2|0|2,3|3|2,6|10|2,8|11|2,7|13|2,9|14|2,10|12|2,11|15|2,0|20|3,0|21|4,1|22|5,1|23|6,0|16|19,0|17|20,0|18|21,0|19|22
2|24|3,2|25|4,5|26|5,5|27|6,1|22|5,1|23|6,0|20|3,0|21|4,0|18|21,0|19|22,0|16|19,0|17|20,0|3|2,1|0|2,2|2|2,3|1|2,6|10|2,8|11|2,7|13|2,9|14|2,4|9|2,5|1|2
2|24|3,2|25|4,5|26|5,5|27|6,1|22|5,1|23|6,0|20|3,0|21|4,0|18|21,0|19|22,0|16|19,0|17|20,0|3|2,1|0|2,2|2|2,3|1|2,6|10|2,8|11|2,7|13|2,9|14|2,4|9|2,5|1|2
[USB  Joystick|USB Joystick (generic)|Mizy Dual Shock (USB)]
DEADZONES=0.3,0.3,0.3
2|26|3,2|27|4,5|24|5,5|25|6,1|22|5,1|23|6,0|20|3,0|21|4,0|18|21,0|19|22,0|16|19,0|17|20,0|1|2,1|3|2,2|0|2,3|2|2,4|11|2,5|14|2,6|10|2,7|13|2,9|8|2,8|9|2,10|12|2,11|15|2
2|26|3,2|27|4,5|24|5,5|25|6,1|22|5,1|23|6,0|20|3,0|21|4,0|18|21,0|19|22,0|16|19,0|17|20,0|0|2,1|1|2,2|2|2,3|3|2,4|11|2,5|14|2,6|10|2,7|13|2,9|8|2,8|9|2,10|12|2,11|15|2
2|26|3,2|27|4,5|24|5,5|25|6,1|22|5,1|23|6,0|20|3,0|21|4,0|18|21,0|19|22,0|16|19,0|17|20,0|0|2,1|1|2,2|2|2,3|3|2,4|11|2,5|14|2,6|10|2,7|13|2,9|8|2,8|9|2,10|12|2,11|15|2
[BETOP|BETOP C031/C033/C036]
DEADZONES=0.3,0.3,0.3
3|3|2,2|0|2,1|2|2,0|1|2,4|11|2,5|14|2,6|10|2,7|13|2,8|9|2,9|8|2,10|12|2,11|15|2,0|16|19,0|17|20,0|18|21,0|19|22,0|20|3,0|21|4,1|22|5,1|23|6,2|24|3,2|25|4,5|26|5,5|27|6
3|3|2,2|2|2,1|1|2,0|0|2,4|11|2,5|14|2,6|10|2,7|13|2,8|9|2,9|8|2,10|12|2,11|15|2,0|16|19,0|17|20,0|18|21,0|19|22,0|20|3,0|21|4,1|22|5,1|23|6,2|24|3,2|25|4,5|26|5,5|27|6
3|3|2,2|2|2,1|1|2,0|0|2,4|11|2,5|14|2,6|10|2,7|13|2,8|9|2,9|8|2,10|12|2,11|15|2,0|16|19,0|17|20,0|18|21,0|19|22,0|20|3,0|21|4,1|22|5,1|23|6,2|24|3,2|25|4,5|26|5,5|27|6
[BETOP 2166|BETOP 2166]
DEADZONES=0.3,0.3,0.3
3|1|2,2|2|2,1|3|2,0|0|2,4|10|2,5|13|2,6|11|2,7|14|2,8|9|2,9|8|2,10|12|2,11|15|2,0|16|19,0|17|20,0|18|21,0|19|22,0|20|3,0|21|4,1|22|5,1|23|6,2|24|3,2|25|4,5|26|5,5|27|6
3|0|2,2|3|2,1|1|2,0|2|2,4|10|2,5|13|2,6|11|2,7|14|2,8|9|2,9|8|2,10|12|2,11|15|2,0|16|19,0|17|20,0|18|21,0|19|22,0|20|3,0|21|4,1|22|5,1|23|6,2|24|3,2|25|4,5|26|5,5|27|6
3|0|2,2|3|2,1|1|2,0|2|2,4|10|2,5|13|2,6|11|2,7|14|2,8|9|2,9|8|2,10|12|2,11|15|2,0|16|19,0|17|20,0|18|21,0|19|22,0|20|3,0|21|4,1|22|5,1|23|6,2|24|3,2|25|4,5|26|5,5|27|6
ENDOFFILE
